1 28671
2 31404
3 13731
4 30908
5 1027
6 2258
7 10864
8 13573
9 4434
10 10472

1 10224
2 4773
3 6508
4 5121
5 1298
6 30777
7 7102
8 23368
9 1499
10 1133
11 14042
12 11359
13 9850
14 11685
15 23609
16 15298
17 32233
18 19643
19 6223
20 5006
21 26205
22 1217
23 9018
24 15982
25 16757
26 1745
27 2405
28 22612
29 2428
30 12938
31 10941
32 7330
33 24552
34 32603
35 22711
36 29493
37 18758
38 12940
39 2485
40 20034
41 28409
42 21349
43 14054
44 18810
45 8550
46 24034
47 11050
48 22736
49 23377
50 25079
51 14772
52 29701
53 8636
54 23681
55 9351
56 15034
57 12022
58 6846
59 28466
60 29466
61 15806
62 10193
63 12062
64 23794
65 11882
66 25061
67 11788
68 21758
69 5444
70 13062
71 4081
72 7197
73 23496
74 12607
75 19598
76 3566
77 17602
78 13389
79 21947
80 1282
81 24741
82 8449
83 19805
84 16793
85 20104
86 32449
87 24789
88 17404
89 5259
90 26082
91 29734
92 28057
93 28042
94 12234
95 4746
96 21435
97 11826
98 3687
99 10046
100 3705
101 25725
102 24218
103 28087
104 5307
105 2024
106 10445
107 16849
108 9967
109 10339
110 8594
111 12470
112 10289
113 17218
114 12767
115 19362
116 3787
117 19105
118 11230
119 32020
120 18858
121 24115
122 29059
123 26681
124 30899
125 15018
126 7337
127 19193
128 18207
129 29846
130 25419
131 6650
132 7024
133 1095
134 8348
135 31469
136 1881
137 16721
138 1568
139 18128
140 13862
141 17019
142 21119
143 21162
144 29305
145 8419
146 27612
147 3004
148 15844
149 29493
150 14851
151 30007
152 18560
153 4695
154 16682
155 19495
156 21045
157 28022
158 14838
159 31930
160 19579
161 22719
162 12081
163 26470
164 7751
165 7613
166 15519
167 4042
168 16810
169 18507
170 22204
171 11367
172 22235
173 8285
174 29390
175 32644
176 28458
177 2932
178 7461
179 11677
180 31838
181 14571
182 28926
183 1388
184 9987
185 31340
186 1223
187 28534
188 26685
189 10976
190 8067
191 9274
192 8787
193 5101
194 27867
195 19750
196 8251
197 13800
198 17489
199 17785
200 22888
1 25050
2 26333
3 18619
4 9901
5 24415
6 26566
7 13118
8 17066
9 22012
10 13693
11 10486
12 14461
13 7250
14 25083
15 13074
16 31140
17 10433
18 6775
19 12122
20 28648
21 31063
22 19942
23 23807
24 10759
25 24150
26 1032
27 13660
28 19292
29 9834
30 12630
31 7215
32 30638
33 29720
34 3362
35 26893
36 3836
37 23850
38 9476
39 22652
40 28010
41 29413
42 22432
43 16578
44 12193
45 4869
46 30204
47 2283
48 14230
49 30366
50 9898
51 1755
52 17089
53 17606
54 22933
55 29774
56 22273
57 10388
58 15718
59 14565
60 4533
61 15578
62 23596
63 28395
64 24471
65 25122
66 31492
67 30077
68 14789
69 4370
70 29348
71 17465
72 7153
73 13374
74 5931
75 20727
76 19860
77 2162
78 20734
79 30057
80 6715
81 29100
82 2416
83 29508
84 11782
85 24806
86 21751
87 24977
88 18420
89 3481
90 31469
91 6938
92 29797
93 18428
94 9805
95 15135
96 16997
97 5772
98 4672
99 29565
100 21695
101 31773
102 29651
103 26092
104 17163
105 16477
106 15885
107 31053
108 30170
109 30541
110 14958
111 26074
112 8715
113 23472
114 15085
115 20444
116 20353
117 17972
118 15534
119 2617
120 29691
121 11766
122 20313
123 1187
124 12292
125 8784
126 26637
127 25578
128 21036
129 6226
130 441
131 15963
132 1668
133 6559
134 17040
135 10218
136 17024
137 6320
138 30412
139 1785
140 7985
141 8139
142 27206
143 25398
144 13049
145 16860
146 4554
147 14577
148 11371
149 26128
150 22577
151 12850
152 19482
153 24447
154 19537
155 10957
156 10747
157 26601
158 8003
159 3250
160 17048
161 18584
162 14958
163 12616
164 13957
165 1973
166 13721
167 2124
168 2652
169 24284
170 375
171 31558
172 3025
173 30706
174 22529
175 20867
176 3274
177 23212
178 6755
179 6658
180 21514
181 9945
182 8733
183 21567
184 19416
185 28963
186 2413
187 5432
188 11506
189 1944
190 18638
191 7872
192 5363
193 14150
194 6604
195 25129
196 18202
197 13415
198 2073
199 27463
200 14337
201 4504
202 14622
203 9356
204 10506
205 31901
206 32398
207 30887
208 30088
209 29001
210 19121
211 27052
212 17122
213 14883
214 1603
215 15017
216 28337
217 18108
218 14872
219 19844
220 28650
221 10431
222 23484
223 18943
224 24243
225 31700
226 15625
227 20711
228 6273
229 32012
230 23766
231 14119
232 14831
233 6441
234 8351
235 31440
236 9201
237 26220
238 29021
239 13754
240 1437
241 10285
242 25382
243 1440
244 7848
245 23809
246 14557
247 29292
248 12321
249 26848
250 29243
251 9422
252 30963
253 17584
254 9476
255 23178
256 24355
257 16875
258 18626
259 25164
260 4026
261 21405
262 16544
263 6145
264 5074
265 4042
266 25155
267 17738
268 18468
269 29651
270 28146
271 24472
272 20796
273 29372
274 26704
275 4159
276 20260
277 4138
278 30214
279 11534
280 13679
281 14000
282 5356
283 14418
284 20178
285 25674
286 31883
287 17874
288 12065
289 27056
290 27736
291 11935
292 6686
293 26801
294 1274
295 24927
296 18117
297 30886
298 12911
299 15860
300 4556
301 14409
302 25328
303 18609
304 17
305 3262
306 19382
307 26950
308 15883
309 3179
310 26721
311 22229
312 28061
313 8492
314 5049
315 11236
316 9717
317 17661
318 32141
319 30823
320 2286
321 26033
322 6366
323 16615
324 14630
325 15315
326 21098
327 1774
328 19543
329 12945
330 30878
331 4612
332 326
333 29999
334 3546
335 11543
336 24909
337 16703
338 23312
339 19699
340 3236
341 16833
342 7562
343 1185
344 12968
345 782
346 20634
347 22250
348 24517
349 9644
350 32483
351 12880
352 30690
353 17539
354 7227
355 3450
356 295
357 30889
358 29474
359 31503
360 20422
361 30161
362 11337
363 11076
364 14937
365 27447
366 12086
367 13541
368 18378
369 16742
370 15678
371 30637
372 22381
373 28136
374 25509
375 5187
376 24501
377 8026
378 5421
379 27946
380 911
381 20584
382 366
383 32761
384 23622
385 21792
386 28317
387 12311
388 34
389 1565
390 4513
391 12030
392 32283
393 23691
394 27214
395 23492
396 23613
397 22646
398 28326
399 32495
400 10840
